3.150000000000000000e+02
3.195000000000000000e+02
3.180000000000000000e+02
3.185000000000000000e+02
3.190000000000000000e+02
3.210000000000000000e+02
3.235000000000000000e+02
3.215000000000000000e+02
3.245000000000000000e+02
3.250000000000000000e+02
3.205000000000000000e+02
3.185000000000000000e+02
3.135000000000000000e+02
3.100000000000000000e+02
3.110000000000000000e+02
3.125000000000000000e+02
3.130000000000000000e+02
3.220000000000000000e+02
3.180000000000000000e+02
3.130000000000000000e+02
3.065000000000000000e+02
3.000000000000000000e+02
3.005000000000000000e+02
3.005000000000000000e+02
3.045000000000000000e+02
2.955000000000000000e+02
2.973000000000000114e+02
2.963999999999999773e+02
2.931000000000000227e+02
2.891999999999999886e+02
2.928000000000000114e+02
2.888000000000000114e+02
2.911999999999999886e+02
2.921000000000000227e+02
2.880000000000000000e+02
2.871000000000000227e+02
2.876000000000000227e+02
2.823999999999999773e+02
2.798000000000000114e+02
2.738000000000000114e+02
2.766999999999999886e+02
2.816000000000000227e+02
2.826000000000000227e+02
2.855000000000000000e+02
2.811999999999999886e+02
2.881000000000000227e+02
2.803999999999999773e+02
2.811999999999999886e+02
2.861000000000000227e+02
2.948999999999999773e+02
3.015000000000000000e+02
3.030000000000000000e+02
3.060000000000000000e+02
2.876999999999999886e+02
2.935000000000000000e+02
2.991999999999999886e+02
2.958000000000000114e+02
2.851999999999999886e+02
2.756999999999999886e+02
2.770000000000000000e+02
2.851999999999999886e+02
2.883999999999999773e+02
2.926999999999999886e+02
2.905000000000000000e+02
2.898999999999999773e+02
2.948999999999999773e+02
2.913000000000000114e+02
2.961000000000000227e+02
2.908999999999999773e+02
3.010000000000000000e+02
3.085000000000000000e+02
3.045000000000000000e+02
3.050000000000000000e+02
2.996000000000000227e+02
3.010000000000000000e+02
3.000000000000000000e+02
3.070000000000000000e+02
3.095000000000000000e+02
3.105000000000000000e+02
3.065000000000000000e+02
3.050000000000000000e+02
3.025000000000000000e+02
3.130000000000000000e+02
3.125000000000000000e+02
3.170000000000000000e+02
3.000000000000000000e+02
3.000000000000000000e+02
2.993999999999999773e+02
3.040000000000000000e+02
3.060000000000000000e+02
3.040000000000000000e+02
3.060000000000000000e+02
3.040000000000000000e+02
3.060000000000000000e+02
3.025000000000000000e+02
3.110000000000000000e+02
3.190000000000000000e+02
3.195000000000000000e+02
3.115000000000000000e+02
3.145000000000000000e+02
3.140000000000000000e+02
3.230000000000000000e+02
3.255000000000000000e+02
3.325000000000000000e+02
3.350000000000000000e+02
3.410000000000000000e+02
3.515000000000000000e+02
3.475000000000000000e+02
3.365000000000000000e+02
3.315000000000000000e+02
3.350000000000000000e+02
3.355000000000000000e+02
3.285000000000000000e+02
3.350000000000000000e+02
3.500000000000000000e+02
3.510000000000000000e+02
3.485000000000000000e+02
3.570000000000000000e+02
3.635000000000000000e+02
3.645000000000000000e+02
3.675000000000000000e+02
3.600000000000000000e+02
3.530000000000000000e+02
3.450000000000000000e+02
3.565000000000000000e+02
3.615000000000000000e+02
3.565000000000000000e+02
3.600000000000000000e+02
3.610000000000000000e+02
3.595000000000000000e+02
3.605000000000000000e+02
3.635000000000000000e+02
3.500000000000000000e+02
3.435000000000000000e+02
3.435000000000000000e+02
3.405000000000000000e+02
3.460000000000000000e+02
3.410000000000000000e+02
3.370000000000000000e+02
3.365000000000000000e+02
3.345000000000000000e+02
3.225000000000000000e+02
3.350000000000000000e+02
3.310000000000000000e+02
3.220000000000000000e+02
3.280000000000000000e+02
3.200000000000000000e+02
3.195000000000000000e+02
3.165000000000000000e+02
3.080000000000000000e+02
3.085000000000000000e+02
3.225000000000000000e+02
3.195000000000000000e+02
3.305000000000000000e+02
3.335000000000000000e+02
3.375000000000000000e+02
3.385000000000000000e+02
3.460000000000000000e+02
3.500000000000000000e+02
3.440000000000000000e+02
3.440000000000000000e+02
3.455000000000000000e+02
3.420000000000000000e+02
3.490000000000000000e+02
3.600000000000000000e+02
3.600000000000000000e+02
3.840000000000000000e+02
3.695000000000000000e+02
3.605000000000000000e+02
3.465000000000000000e+02
3.490000000000000000e+02
3.500000000000000000e+02
3.515000000000000000e+02
3.510000000000000000e+02
3.550000000000000000e+02
3.535000000000000000e+02
3.565000000000000000e+02
3.660000000000000000e+02
3.605000000000000000e+02
3.635000000000000000e+02
3.635000000000000000e+02
3.645000000000000000e+02
3.555000000000000000e+02
3.540000000000000000e+02
3.505000000000000000e+02
3.405000000000000000e+02
3.455000000000000000e+02
3.415000000000000000e+02
3.470000000000000000e+02
3.485000000000000000e+02
3.580000000000000000e+02
3.480000000000000000e+02
3.530000000000000000e+02
3.460000000000000000e+02
3.540000000000000000e+02
3.445000000000000000e+02
3.470000000000000000e+02
3.555000000000000000e+02
3.460000000000000000e+02
3.475000000000000000e+02
3.535000000000000000e+02
3.575000000000000000e+02
3.415000000000000000e+02
3.310000000000000000e+02
3.235000000000000000e+02
3.250000000000000000e+02
3.275000000000000000e+02
3.325000000000000000e+02
3.295000000000000000e+02
3.245000000000000000e+02
3.290000000000000000e+02
3.195000000000000000e+02
3.125000000000000000e+02
3.175000000000000000e+02
3.125000000000000000e+02
3.125000000000000000e+02
3.135000000000000000e+02
3.155000000000000000e+02
3.205000000000000000e+02
3.220000000000000000e+02
3.225000000000000000e+02
3.185000000000000000e+02
3.225000000000000000e+02
3.375000000000000000e+02
3.355000000000000000e+02
3.460000000000000000e+02
3.425000000000000000e+02
3.380000000000000000e+02
3.135000000000000000e+02
3.135000000000000000e+02
3.200000000000000000e+02
3.155000000000000000e+02
3.135000000000000000e+02
3.025000000000000000e+02
2.901000000000000227e+02
2.916000000000000227e+02
2.950000000000000000e+02
2.901000000000000227e+02
2.883000000000000114e+02
2.908999999999999773e+02
2.885000000000000000e+02
2.948000000000000114e+02
2.901000000000000227e+02
2.886000000000000227e+02
2.818999999999999773e+02
